cw-2026-08-17-013347 57 106 0 57 625
cw-2026-08-17-013622 51 80 0 51 600
cw-2026-08-17-134712 21 41 1 22 500
cw-2026-08-18-003016 54 146 0 54 670
cw-2026-08-18-003126 48 131 1 49 665
cw-2026-08-18-003758 44 93 1 45 500
cw-2026-08-18-004507 49 117 0 49 500
cw-2026-08-20-014854 0 0 0 0 600
cw-2026-08-20-014935 0 0 0 0 825
cw-2026-08-22-014113 0 0 0 0 600
cw-2026-08-22-014308 0 0 0 0 575
cw-2026-08-22-031838 43 94 1 44 525
cw-2026-08-22-031905 36 108 1 37 300
cw-2026-08-22-031948 31 111 0 31 500
cw-2026-08-22-032012 43 119 0 43 500
cw-2026-08-22-032050 44 105 2 46 325
cw-2026-08-22-032113 47 102 2 49 650
cw-2026-08-22-032129 65 114 1 66 650
cw-2026-08-23-001520 1 1 1 2 600
cw-2026-08-23-001831 44 108 1 45 525
cw-2026-08-23-001952 57 114 2 59 525
cw-2026-08-23-002016 44 84 4 48 525
cw-2026-08-24-012403 21 62 0 21 440
cw-2026-08-25-011552 22 74 1 23 500
cw-2026-08-25-012748 2 3 2 4 395
cw-2026-08-25-012823 26 40 0 26 450
cw-2026-08-25-012922 45 106 0 45 475
cw-2026-08-25-013010 48 122 0 48 475
cw-2026-08-25-013150 51 123 2 53 495
cw-2026-08-25-013303 44 127 1 45 500
cw-2026-08-25-013402 56 150 1 57 525
cw-2026-08-25-013520 55 147 0 55 540
cw-2026-08-25-013637 60 157 1 61 550
cw-2026-08-25-021410 36 88 0 36 550
cw-2026-08-25-021629 27 65 2 29 500
cw-2026-08-25-021825 25 49 0 25 400
cw-2026-08-26-125941 0 0 0 0 400
