cw-2026-08-17-013347 57 106 2 59 625
cw-2026-08-17-013622 51 80 4 55 600
cw-2026-08-17-134712 21 41 42 63 500
cw-2026-08-18-003016 54 146 3 57 670
cw-2026-08-18-003126 48 131 6 54 665
cw-2026-08-18-003758 44 93 19 63 500
cw-2026-08-18-004507 49 117 1 50 500
cw-2026-08-20-014854 0 0 0 0 600
cw-2026-08-20-014935 0 0 0 0 825
cw-2026-08-22-014113 0 0 0 0 600
cw-2026-08-22-014308 0 0 0 0 575
cw-2026-08-22-031838 42 93 15 57 525
cw-2026-08-22-031905 36 108 6 42 300
cw-2026-08-22-031948 31 111 3 34 500
cw-2026-08-22-032012 43 119 1 44 500
cw-2026-08-22-032050 44 105 9 53 325
cw-2026-08-22-032113 47 102 8 55 650
cw-2026-08-22-032129 65 114 1 66 650
cw-2026-08-23-001520 1 1 4 5 600
cw-2026-08-23-001831 44 108 11 55 525
cw-2026-08-23-001952 56 113 19 75 525
cw-2026-08-23-002016 44 84 31 75 525
cw-2026-08-24-012403 21 62 1 22 440
cw-2026-08-25-011552 22 74 8 30 500
cw-2026-08-25-012748 2 3 2 4 395
cw-2026-08-25-012823 26 40 15 41 450
cw-2026-08-25-012922 45 106 5 50 475
cw-2026-08-25-013010 48 122 6 54 475
cw-2026-08-25-013150 51 123 7 58 495
cw-2026-08-25-013303 44 127 10 54 500
cw-2026-08-25-013402 56 150 5 61 525
cw-2026-08-25-013520 55 147 5 60 540
cw-2026-08-25-013637 60 157 3 63 550
cw-2026-08-25-021410 36 88 11 47 550
cw-2026-08-25-021629 27 65 20 47 500
cw-2026-08-25-021825 25 49 16 41 400
cw-2026-08-26-125941 0 0 0 0 400
