Test run for C:\Source\HamLet\tests\Hamlet.RadioEngine.Tests\bin\Debug\net8.0\Hamlet.RadioEngine.Tests.dll (.NETCoreApp,Version=v8.0)
A total of 1 test files matched the specified pattern.
C:\Source\HamLet\tests\Hamlet.RadioEngine.Tests\bin\Debug\net8.0\Hamlet.RadioEngine.Tests.dll
[xUnit.net 00:00:00.00] xUnit.net VSTest Adapter v2.8.2+699d445a1a (64-bit .NET 8.0.24)
[xUnit.net 00:00:01.49]   Discovering: Hamlet.RadioEngine.Tests
[xUnit.net 00:00:01.68]   Discovered:  Hamlet.RadioEngine.Tests
[xUnit.net 00:00:01.68]   Starting:    Hamlet.RadioEngine.Tests
  Passed Hamlet.RadioEngine.Tests.Cw.WhatTheOpeningHeardTests.WhereTheDitMeetsTheDah(run: "stream") [10 s]
  Standard Output Messages:
 dah check | run stream; 207 reads; the rule fires above 4.5 and divides the long median by 3; grid 8 to 40 wpm
 
 DAH OPENING | stream 27.0 to 46.2 s | 39 reads
 dah opening | s | marks | short centroid ms | long centroid ms | ratio | short median ms | long median ms | short gap ms | entry unit ms | entry wpm | entry from | held wpm | fires | rule unit ms | rule wpm | rule from
 dah opening | 27.0 | 24 | 17.6 | 92.9 | 5.28 | 15.0 | 90.0 | 80.0 | 47.5 | 25.3 | stream | 25 | yes | 30.0 | 40.0 | stream
 dah opening | 27.5 | 21 | 46.8 | 143.5 | 3.06 | 55.0 | 155.0 | 115.0 | 85.0 | 14.1 | stream | 14 | no | 85.0 | 14.1 | stream
 dah opening | 28.0 | 22 | 47.8 | 143.5 | 3.00 | 55.0 | 155.0 | 115.0 | 85.0 | 14.1 | stream | 14 | no | 85.0 | 14.1 | stream
 dah opening | 28.5 | 19 | 55.8 | 143.1 | 2.56 | 55.0 | 155.0 | 45.0 | 50.0 | 24.0 | stream | 24 | no | 50.0 | 24.0 | stream
 dah opening | 29.0 | 19 | 55.8 | 142.6 | 2.55 | 55.0 | 155.0 | 45.0 | 50.0 | 24.0 | stream | 24 | no | 50.0 | 24.0 | stream
 dah opening | 29.5 | 22 | 47.8 | 143.5 | 3.00 | 55.0 | 155.0 | 45.0 | 50.0 | 24.0 | stream | 24 | no | 50.0 | 24.0 | stream
 dah opening | 30.0 | 20 | 59.7 | 151.2 | 2.53 | 55.0 | 155.0 | 115.0 | 85.0 | 14.1 | stream | 14 | no | 85.0 | 14.1 | stream
 dah opening | 30.5 | 20 | 59.7 | 151.2 | 2.53 | 55.0 | 155.0 | 115.0 | 85.0 | 14.1 | stream | 14 | no | 85.0 | 14.1 | stream
 dah opening | 31.0 | 25 | 44.7 | 145.5 | 3.25 | 55.0 | 155.0 | 80.0 | 67.5 | 17.8 | stream | 18 | no | 67.5 | 17.8 | stream
 dah opening | 31.5 | 43 | 33.8 | 101.1 | 3.00 | 35.0 | 90.0 | 45.0 | 40.0 | 30.0 | stream | 30 | no | 40.0 | 30.0 | stream
 dah opening | 32.0 | 65 | 21.9 | 90.5 | 4.14 | 20.0 | 90.0 | 40.0 | 30.0 | 40.0 | stream | 40 | no | 30.0 | 40.0 | stream
 dah opening | 32.5 | 69 | 19.0 | 91.4 | 4.82 | 20.0 | 80.0 | 35.0 | 27.5 | 43.6 | grid | 38 | yes | 26.7 | 45.0 | grid
 dah opening | 33.0 | 74 | 23.4 | 102.3 | 4.37 | 25.0 | 100.0 | 25.0 | 25.0 | 48.0 | grid | 38 | no | 25.0 | 48.0 | grid
 dah opening | 33.5 | 76 | 32.1 | 124.2 | 3.87 | 40.0 | 115.0 | 15.0 | 27.5 | 43.6 | grid | 38 | no | 27.5 | 43.6 | grid
 dah opening | 34.0 | 75 | 29.7 | 112.6 | 3.79 | 30.0 | 95.0 | 15.0 | 22.5 | 53.3 | grid | 38 | no | 22.5 | 53.3 | grid
 dah opening | 34.5 | 79 | 31.9 | 120.4 | 3.77 | 35.0 | 110.0 | 15.0 | 25.0 | 48.0 | grid | 38 | no | 25.0 | 48.0 | grid
 dah opening | 35.0 | 74 | 35.5 | 147.8 | 4.16 | 40.0 | 140.0 | 15.0 | 27.5 | 43.6 | grid | 38 | no | 27.5 | 43.6 | grid
 dah opening | 35.5 | 70 | 34.1 | 167.2 | 4.90 | 40.0 | 170.0 | 15.0 | 27.5 | 43.6 | grid | 38 | yes | 56.7 | 21.2 | stream
 dah opening | 36.0 | 75 | 27.5 | 161.9 | 5.89 | 25.0 | 170.0 | 10.0 | 17.5 | 68.6 | grid | 30 | yes | 56.7 | 21.2 | stream
 dah opening | 36.5 | 74 | 27.0 | 164.0 | 6.09 | 25.0 | 165.0 | 10.0 | 17.5 | 68.6 | grid | 38 | yes | 55.0 | 21.8 | stream
 dah opening | 37.0 | 78 | 27.1 | 166.9 | 6.16 | 25.0 | 190.0 | 10.0 | 17.5 | 68.6 | grid | 38 | yes | 63.3 | 18.9 | stream
 dah opening | 37.5 | 79 | 27.4 | 161.9 | 5.92 | 25.0 | 190.0 | 10.0 | 17.5 | 68.6 | grid | 38 | yes | 63.3 | 18.9 | stream
 dah opening | 38.0 | 75 | 29.3 | 172.9 | 5.90 | 30.0 | 190.0 | 10.0 | 20.0 | 60.0 | grid | 36 | yes | 63.3 | 18.9 | stream
 dah opening | 38.5 | 71 | 29.8 | 182.1 | 6.11 | 30.0 | 200.0 | 10.0 | 20.0 | 60.0 | grid | 38 | yes | 66.7 | 18.0 | stream
 dah opening | 39.0 | 70 | 29.9 | 183.7 | 6.14 | 30.0 | 200.0 | 10.0 | 20.0 | 60.0 | grid | 38 | yes | 66.7 | 18.0 | stream
 dah opening | 39.5 | 69 | 30.7 | 187.2 | 6.11 | 30.0 | 205.0 | 10.0 | 20.0 | 60.0 | grid | 38 | yes | 68.3 | 17.6 | stream
 dah opening | 40.0 | 67 | 31.3 | 185.9 | 5.94 | 35.0 | 205.0 | 15.0 | 25.0 | 48.0 | grid | 38 | yes | 68.3 | 17.6 | stream
 dah opening | 40.5 | 70 | 29.1 | 181.4 | 6.23 | 30.0 | 200.0 | 15.0 | 22.5 | 53.3 | grid | 36 | yes | 66.7 | 18.0 | stream
 dah opening | 41.0 | 73 | 31.0 | 168.0 | 5.42 | 35.0 | 195.0 | 15.0 | 25.0 | 48.0 | grid | 38 | yes | 65.0 | 18.5 | stream
 dah opening | 41.5 | 76 | 32.4 | 149.6 | 4.62 | 35.0 | 165.0 | 20.0 | 27.5 | 43.6 | grid | 38 | yes | 55.0 | 21.8 | stream
 dah opening | 42.0 | 75 | 37.2 | 151.1 | 4.06 | 40.0 | 170.0 | 20.0 | 30.0 | 40.0 | stream | 40 | no | 30.0 | 40.0 | stream
 dah opening | 42.5 | 78 | 39.1 | 157.1 | 4.02 | 45.0 | 170.0 | 20.0 | 32.5 | 36.9 | stream | 37 | no | 32.5 | 36.9 | stream
 dah opening | 43.0 | 75 | 37.3 | 144.8 | 3.88 | 40.0 | 155.0 | 25.0 | 32.5 | 36.9 | stream | 37 | no | 32.5 | 36.9 | stream
 dah opening | 43.5 | 78 | 36.2 | 131.6 | 3.64 | 35.0 | 140.0 | 25.0 | 30.0 | 40.0 | stream | 40 | no | 30.0 | 40.0 | stream
 dah opening | 44.0 | 81 | 36.5 | 124.7 | 3.41 | 40.0 | 135.0 | 30.0 | 35.0 | 34.3 | stream | 34 | no | 35.0 | 34.3 | stream
 dah opening | 44.5 | 78 | 33.4 | 106.0 | 3.18 | 35.0 | 105.0 | 30.0 | 32.5 | 36.9 | stream | 37 | no | 32.5 | 36.9 | stream
 dah opening | 45.0 | 63 | 32.0 | 104.8 | 3.27 | 35.0 | 105.0 | 40.0 | 37.5 | 32.0 | stream | 32 | no | 37.5 | 32.0 | stream
 dah opening | 45.5 | 61 | 38.4 | 106.6 | 2.77 | 45.0 | 105.0 | 45.0 | 45.0 | 26.7 | stream | 27 | no | 45.0 | 26.7 | stream
 dah opening | 46.0 | 60 | 36.9 | 108.6 | 2.94 | 40.0 | 105.0 | 45.0 | 42.5 | 28.2 | stream | 28 | no | 42.5 | 28.2 | stream
 dah opening summary | reads 39 | entry to the grid 19 | fires 15 | fires with the rule's speed inside the grid 14 | grid reads the rule hands to the stream 13 | stream reads the rule hands to the grid 0
 dah opening held | 32.5 | marks 10 10 15 15 15 15 15 15 15 15 15 20 20 20 20 20 25 25 30 35 40 40 45 45 45 50 50 50 55 55 60 60 60 60 60 60 60 60 60 65 65 75 80 80 80 80 85 90 95 95 100 105 105 110 110 120 155 155 160 160 165 165 185 195 200 210 225 225 230 | gaps 10 10 10 15 15 15 15 15 20 20 20 20 25 25 25 25 25 30 30 35 35 35 40 40 40 40 40 40 45 45 45 45 50 50 50 50 55 55 60 65 65 70 70 75 80 90 95 100 105 105 105 110 110 110 120 150 155 160 160 170 185 195 205 210 225 225 260 785 785
 dah opening held | 33.0 | marks 10 10 10 15 15 15 15 15 15 15 20 20 20 25 25 25 25 35 35 35 40 40 40 40 40 45 45 45 50 50 50 60 60 60 60 60 60 60 65 65 65 75 75 80 80 85 85 85 85 90 95 100 105 110 110 110 110 115 115 125 155 155 155 160 165 165 165 190 200 210 225 225 230 290 | gaps 10 10 10 10 10 10 10 15 15 15 15 15 15 15 15 20 20 25 25 25 25 25 25 30 35 35 40 40 40 40 40 40 40 40 45 45 45 45 50 50 55 55 55 55 60 60 65 65 65 70 70 70 75 75 80 80 90 95 95 105 105 110 110 110 110 120 145 160 165 260 315 780 785
 dah opening held | 33.5 | marks 15 15 15 15 15 15 20 20 20 20 20 25 25 25 25 25 30 30 35 40 40 40 40 40 45 45 45 50 50 55 55 55 55 55 60 60 60 60 65 65 65 70 70 70 75 80 85 85 85 85 90 90 95 95 95 100 110 115 120 125 130 135 155 155 160 165 165 165 210 225 230 230 265 320 365 420 | gaps 10 10 10 10 10 10 10 10 10 10 10 10 10 15 15 15 15 15 15 15 15 15 20 25 25 25 30 30 35 35 35 35 35 35 35 35 40 40 40 40 40 40 40 40 40 40 45 45 45 50 50 50 55 55 65 70 70 70 75 75 75 85 85 95 95 100 100 100 105 110 120 265 290 315 780
 dah opening held | 34.0 | marks 15 15 15 15 15 20 20 20 20 20 25 25 25 25 25 30 30 35 35 40 40 40 40 45 45 45 50 50 55 55 55 55 60 60 60 60 65 65 65 65 70 70 70 75 80 85 85 85 85 90 90 95 95 95 100 110 115 120 125 130 135 135 155 155 160 165 165 165 210 225 230 230 320 365 420 | gaps 10 10 10 10 10 10 10 10 10 10 10 10 10 15 15 15 15 15 15 15 15 15 20 25 25 25 30 30 35 35 35 35 35 35 35 40 40 40 40 40 40 40 40 40 40 40 45 45 45 50 50 55 55 55 65 70 70 70 75 75 75 85 85 95 95 100 100 100 105 110 120 265 290 315 680 780
 dah opening held | 34.5 | marks 10 15 15 20 20 20 20 20 20 20 25 25 25 25 25 25 30 30 35 35 40 40 40 45 45 45 45 50 50 50 50 55 55 55 60 60 60 65 65 65 65 65 70 70 80 85 85 85 85 90 90 95 95 95 95 100 100 110 110 115 120 125 130 135 140 160 160 160 165 165 180 190 205 210 225 230 230 365 420 | gaps 10 10 10 10 10 10 10 10 10 10 10 10 10 10 10 10 15 15 15 15 15 15 15 15 15 15 15 20 25 25 25 30 30 30 30 30 35 35 35 35 35 35 40 40 40 40 40 45 45 45 45 45 50 50 55 55 55 55 65 70 70 70 75 75 80 85 85 95 95 100 100 115 145 260 290 315 335 430 500
 dah opening held | 35.0 | marks 15 15 20 20 20 20 20 20 20 25 25 25 25 25 25 30 35 35 35 35 40 40 45 45 45 50 50 50 50 55 55 55 55 55 60 60 65 65 65 70 75 75 80 85 85 85 95 95 95 95 95 105 115 120 120 125 130 140 160 160 165 180 185 190 210 225 230 230 255 290 295 305 370 420 | gaps 10 10 10 10 10 10 10 10 10 10 10 10 10 10 10 10 10 10 15 15 15 15 15 15 15 15 20 20 25 25 25 30 30 30 30 30 30 35 35 35 40 40 40 40 45 45 45 45 45 45 50 55 55 65 70 70 70 80 85 85 85 90 95 95 100 100 100 145 260 290 310 310 430 495
 dah opening held | 35.5 | marks 10 15 20 20 20 20 20 20 20 20 25 25 25 25 25 35 35 35 40 40 45 45 45 50 50 50 50 55 55 55 55 60 65 65 65 70 80 85 85 95 95 95 100 115 115 120 120 140 140 145 145 165 165 170 180 185 190 200 210 220 230 230 235 235 240 290 305 320 375 500 | gaps 10 10 10 10 10 10 10 10 10 10 10 10 10 10 10 10 10 10 15 15 15 15 20 20 20 25 25 25 30 30 30 30 30 30 30 35 35 40 40 40 45 45 45 45 45 45 45 55 65 65 65 75 85 85 85 90 95 95 100 120 145 260 290 305 310 365 430
 dah opening held | 36.0 | marks 10 15 15 15 20 20 20 20 20 20 20 20 20 20 25 25 25 25 25 25 25 25 25 30 35 40 40 40 40 45 45 45 50 55 55 55 65 70 80 80 80 85 85 85 95 95 100 105 115 120 120 120 140 145 145 165 170 175 185 190 195 210 220 235 235 240 255 255 270 290 290 305 385 415 500 | gaps 10 10 10 10 10 10 10 10 10 10 10 10 10 10 10 10 10 10 10 10 10 10 10 15 15 15 15 20 20 20 20 25 25 25 25 25 30 30 30 30 30 30 30 35 40 40 40 40 40 45 45 50 50 50 55 60 60 65 85 85 95 95 120 140 145 280 290 305 310 430
 dah opening held | 36.5 | marks 10 10 10 15 15 15 20 20 20 20 20 20 25 25 25 25 25 25 25 25 30 30 35 35 40 40 40 40 45 45 45 45 50 55 55 55 70 80 80 85 85 85 85 85 95 95 100 105 120 120 125 135 140 145 160 165 190 190 195 210 220 235 240 255 255 270 270 290 290 305 335 385 415 500 | gaps 10 10 10 10 10 10 10 10 10 10 10 10 10 10 10 10 10 10 10 10 10 10 10 10 15 15 15 15 15 15 15 20 20 20 25 25 25 25 25 30 30 30 30 30 30 30 40 40 40 40 45 45 50 50 60 60 65 70 85 85 90 110 120 140 250 280 305 310 430
 dah opening held | 37.0 | marks 10 10 10 15 15 15 20 20 20 20 20 20 20 25 25 25 25 25 25 25 25 30 30 30 30 35 35 35 40 40 40 40 45 45 45 45 50 55 55 55 70 80 80 85 85 85 85 95 100 100 120 120 125 135 140 145 160 165 190 190 195 200 200 205 210 220 235 240 255 255 270 270 290 290 305 335 385 415 | gaps 10 10 10 10 10 10 10 10 10 10 10 10 10 10 10 10 10 10 10 10 10 10 10 10 15 15 15 15 15 15 15 15 20 20 20 25 25 25 25 25 30 30 30 30 30 30 40 40 40 40 40 45 45 50 50 60 60 60 65 70 85 85 90 110 120 140 250 280 305 310 430
 dah opening held | 37.5 | marks 10 15 15 15 15 15 15 20 20 20 20 20 20 20 20 20 25 25 25 25 25 25 30 30 30 30 35 35 40 40 40 40 45 45 45 50 55 55 55 55 55 70 70 80 80 85 85 85 85 95 100 100 100 120 125 125 140 145 160 165 190 190 195 200 205 210 220 235 240 255 270 270 290 295 295 305 335 385 415 | gaps 10 10 10 10 10 10 10 10 10 10 10 10 10 10 10 10 10 10 10 10 10 10 10 10 10 10 10 15 15 15 15 15 15 15 15 20 20 20 20 25 25 25 25 30 30 30 30 30 35 35 40 40 40 45 45 45 50 50 55 55 65 70 85 85 90 110 120 140 205 250 280 300 430
 dah opening held | 38.0 | marks 10 15 15 15 15 15 20 20 20 20 20 20 20 20 25 25 25 25 30 30 30 30 35 35 40 40 40 45 45 45 50 55 55 55 55 55 70 70 80 80 85 85 85 95 100 100 100 120 125 125 140 145 145 160 165 190 190 195 200 205 210 220 235 235 240 255 270 270 285 290 295 295 305 385 415 | gaps 10 10 10 10 10 10 10 10 10 10 10 10 10 10 10 10 10 10 10 10 10 10 10 10 10 10 15 15 15 15 15 15 15 20 20 20 20 25 25 25 25 30 30 30 30 30 35 35 40 40 40 45 45 45 50 55 55 65 70 85 85 90 110 120 140 205 250 280 300 430
 dah opening held | 38.5 | marks 15 15 15 15 15 20 20 20 20 20 20 20 20 25 25 25 30 30 30 30 35 35 40 40 40 45 45 45 50 55 55 55 55 70 70 80 80 85 85 85 95 100 100 120 125 125 140 145 160 165 190 190 195 200 205 210 220 225 235 235 240 255 270 285 290 295 295 305 385 415 650 | gaps 10 10 10 10 10 10 10 10 10 10 10 10 10 10 10 10 10 10 10 10 10 10 10 10 15 15 15 15 15 15 20 20 20 20 20 25 25 25 25 30 30 30 30 35 35 40 40 40 45 45 45 50 55 55 65 85 85 90 110 120 140 205 250 280 300 430
 dah opening held | 39.0 | marks 15 15 15 15 15 20 20 20 20 20 20 20 20 25 25 25 30 30 30 30 35 35 40 40 45 45 45 45 50 55 55 55 55 70 70 80 80 85 85 85 95 100 100 120 125 125 140 145 160 165 190 195 200 205 210 220 235 235 240 255 270 285 290 295 295 305 320 385 415 650 | gaps 10 10 10 10 10 10 10 10 10 10 10 10 10 10 10 10 10 10 10 10 10 10 15 15 15 15 15 15 15 20 20 20 20 25 25 25 25 25 30 30 30 30 35 35 40 40 40 40 45 45 50 55 55 65 85 85 90 110 120 140 205 250 280 300 430
 dah opening held | 39.5 | marks 15 15 15 15 15 20 20 20 20 20 20 20 20 25 25 30 30 30 30 35 35 40 40 45 45 45 45 50 55 55 55 55 60 70 70 80 80 85 85 85 95 100 100 125 125 140 145 160 165 190 195 200 205 210 235 235 240 255 270 285 290 295 295 305 310 320 365 385 650 | gaps 10 10 10 10 10 10 10 10 10 10 10 10 10 10 10 10 10 10 10 10 10 10 15 15 15 15 15 15 15 20 20 20 20 20 25 25 25 25 25 30 30 30 35 35 40 40 40 45 45 50 55 55 65 85 85 90 110 120 140 205 250 280 300 430
 dah opening held | 40.0 | marks 15 15 15 15 15 20 20 20 20 20 20 20 25 30 30 30 35 35 40 40 45 45 45 45 50 55 55 55 55 60 70 70 80 80 85 85 85 95 100 100 105 125 140 145 160 165 190 195 200 205 210 235 235 240 250 255 255 270 285 290 295 295 305 310 320 385 650 | gaps 10 10 10 10 10 10 10 10 10 10 10 10 10 10 10 10 10 10 10 10 15 15 15 15 15 15 20 20 20 20 20 25 25 25 25 25 30 30 30 30 35 35 40 40 40 45 45 50 50 55 55 65 85 85 90 110 120 140 205 250 280 300 430
 dah opening held | 40.5 | marks 10 10 15 15 15 15 15 20 20 20 20 20 20 25 25 25 25 30 35 35 35 40 40 45 45 45 45 45 50 55 55 55 60 70 70 80 80 85 85 85 85 95 100 110 120 140 145 160 165 190 190 195 200 200 205 210 235 235 250 250 255 270 285 290 290 305 305 315 385 650 | gaps 10 10 10 10 10 10 10 10 10 10 10 10 10 10 10 10 10 10 10 15 15 15 15 15 15 15 15 20 20 20 20 20 25 25 25 25 25 30 30 30 30 30 35 35 40 40 40 40 40 45 50 50 50 60 60 60 85 90 95 110 120 140 250 280 305 310 430
 dah opening held | 41.0 | marks 10 15 15 15 15 20 20 20 20 20 20 20 25 25 25 25 25 30 35 35 35 35 35 40 40 45 45 45 45 50 50 55 55 55 60 60 70 70 80 80 80 85 85 85 95 100 105 110 120 120 145 165 175 185 185 195 200 205 210 215 220 230 235 240 245 250 255 265 270 290 290 305 365 | gaps 10 10 10 10 10 10 10 10 10 10 10 10 10 10 10 15 15 15 15 15 15 15 15 20 20 20 20 20 20 20 20 25 25 25 30 30 30 30 30 35 35 35 40 40 40 40 40 40 45 45 50 50 50 60 60 60 60 60 65 65 65 85 95 95 120 140 145 280 290 305 310 430
 dah opening held | 41.5 | marks 10 15 15 15 20 20 20 20 20 20 25 25 25 25 25 30 35 35 35 35 35 35 35 40 40 40 45 45 45 45 55 55 55 55 60 60 60 60 65 70 70 80 80 85 85 85 95 100 100 110 115 120 120 120 140 140 155 165 170 170 180 185 185 190 200 200 210 220 230 235 240 245 250 270 305 365 | gaps 10 10 10 10 10 10 10 10 10 10 10 10 10 15 15 15 15 15 15 20 20 20 20 20 20 20 20 20 20 25 25 25 30 30 30 30 30 30 30 30 35 35 35 35 40 40 40 45 45 45 50 50 50 50 60 60 60 60 65 65 65 85 85 90 95 95 105 120 145 145 285 290 305 310 430
 
 DAH LOCKED, 004108 13.8 TO 30.0 S | stream 90.0 to 106.2 s | 33 reads
 dah locked, 004108 13.8 to 30.0 s | s | marks | short centroid ms | long centroid ms | ratio | short median ms | long median ms | short gap ms | entry unit ms | entry wpm | entry from | held wpm | fires | rule unit ms | rule wpm | rule from
 dah locked, 004108 13.8 to 30.0 s | 90.0 | 42 | 47.6 | 162.7 | 3.42 | 50.0 | 160.0 | 60.0 | 55.0 | 21.8 | stream | 22 | no | 55.0 | 21.8 | stream
 dah locked, 004108 13.8 to 30.0 s | 90.5 | 42 | 47.5 | 162.8 | 3.43 | 50.0 | 160.0 | 60.0 | 55.0 | 21.8 | stream | 22 | no | 55.0 | 21.8 | stream
 dah locked, 004108 13.8 to 30.0 s | 91.0 | 39 | 51.4 | 162.9 | 3.17 | 50.0 | 165.0 | 60.0 | 55.0 | 21.8 | stream | 22 | no | 55.0 | 21.8 | stream
 dah locked, 004108 13.8 to 30.0 s | 91.5 | 42 | 50.5 | 162.0 | 3.21 | 50.0 | 160.0 | 60.0 | 55.0 | 21.8 | stream | 22 | no | 55.0 | 21.8 | stream
 dah locked, 004108 13.8 to 30.0 s | 92.0 | 39 | 50.9 | 160.5 | 3.15 | 50.0 | 160.0 | 60.0 | 55.0 | 21.8 | stream | 22 | no | 55.0 | 21.8 | stream
 dah locked, 004108 13.8 to 30.0 s | 92.5 | 39 | 51.6 | 162.3 | 3.15 | 50.0 | 160.0 | 60.0 | 55.0 | 21.8 | stream | 22 | no | 55.0 | 21.8 | stream
 dah locked, 004108 13.8 to 30.0 s | 93.0 | 40 | 51.1 | 160.8 | 3.15 | 50.0 | 160.0 | 60.0 | 55.0 | 21.8 | stream | 22 | no | 55.0 | 21.8 | stream
 dah locked, 004108 13.8 to 30.0 s | 93.5 | 39 | 51.8 | 161.7 | 3.12 | 50.0 | 160.0 | 60.0 | 55.0 | 21.8 | stream | 22 | no | 55.0 | 21.8 | stream
 dah locked, 004108 13.8 to 30.0 s | 94.0 | 42 | 50.9 | 161.7 | 3.18 | 50.0 | 160.0 | 60.0 | 55.0 | 21.8 | stream | 22 | no | 55.0 | 21.8 | stream
 dah locked, 004108 13.8 to 30.0 s | 94.5 | 40 | 49.8 | 161.8 | 3.25 | 50.0 | 160.0 | 60.0 | 55.0 | 21.8 | stream | 22 | no | 55.0 | 21.8 | stream
 dah locked, 004108 13.8 to 30.0 s | 95.0 | 42 | 50.6 | 161.8 | 3.20 | 50.0 | 160.0 | 60.0 | 55.0 | 21.8 | stream | 22 | no | 55.0 | 21.8 | stream
 dah locked, 004108 13.8 to 30.0 s | 95.5 | 40 | 49.9 | 160.7 | 3.22 | 50.0 | 160.0 | 60.0 | 55.0 | 21.8 | stream | 22 | no | 55.0 | 21.8 | stream
 dah locked, 004108 13.8 to 30.0 s | 96.0 | 40 | 50.7 | 158.3 | 3.12 | 50.0 | 160.0 | 60.0 | 55.0 | 21.8 | stream | 22 | no | 55.0 | 21.8 | stream
 dah locked, 004108 13.8 to 30.0 s | 96.5 | 39 | 48.3 | 162.0 | 3.35 | 50.0 | 160.0 | 60.0 | 55.0 | 21.8 | stream | 22 | no | 55.0 | 21.8 | stream
 dah locked, 004108 13.8 to 30.0 s | 97.0 | 40 | 49.2 | 161.7 | 3.28 | 50.0 | 160.0 | 60.0 | 55.0 | 21.8 | stream | 22 | no | 55.0 | 21.8 | stream
 dah locked, 004108 13.8 to 30.0 s | 97.5 | 38 | 47.9 | 161.7 | 3.38 | 50.0 | 160.0 | 60.0 | 55.0 | 21.8 | stream | 22 | no | 55.0 | 21.8 | stream
 dah locked, 004108 13.8 to 30.0 s | 98.0 | 39 | 47.9 | 161.6 | 3.37 | 50.0 | 160.0 | 60.0 | 55.0 | 21.8 | stream | 22 | no | 55.0 | 21.8 | stream
 dah locked, 004108 13.8 to 30.0 s | 98.5 | 39 | 47.5 | 159.9 | 3.37 | 50.0 | 160.0 | 60.0 | 55.0 | 21.8 | stream | 22 | no | 55.0 | 21.8 | stream
 dah locked, 004108 13.8 to 30.0 s | 99.0 | 42 | 48.4 | 161.4 | 3.33 | 50.0 | 160.0 | 60.0 | 55.0 | 21.8 | stream | 22 | no | 55.0 | 21.8 | stream
 dah locked, 004108 13.8 to 30.0 s | 99.5 | 41 | 48.3 | 161.4 | 3.34 | 50.0 | 160.0 | 60.0 | 55.0 | 21.8 | stream | 22 | no | 55.0 | 21.8 | stream
 dah locked, 004108 13.8 to 30.0 s | 100.0 | 43 | 48.7 | 160.9 | 3.30 | 50.0 | 160.0 | 60.0 | 55.0 | 21.8 | stream | 22 | no | 55.0 | 21.8 | stream
 dah locked, 004108 13.8 to 30.0 s | 100.5 | 42 | 49.0 | 161.1 | 3.29 | 50.0 | 160.0 | 60.0 | 55.0 | 21.8 | stream | 22 | no | 55.0 | 21.8 | stream
 dah locked, 004108 13.8 to 30.0 s | 101.0 | 43 | 48.7 | 161.2 | 3.31 | 50.0 | 160.0 | 60.0 | 55.0 | 21.8 | stream | 22 | no | 55.0 | 21.8 | stream
 dah locked, 004108 13.8 to 30.0 s | 101.5 | 43 | 48.8 | 157.6 | 3.23 | 50.0 | 160.0 | 60.0 | 55.0 | 21.8 | stream | 22 | no | 55.0 | 21.8 | stream
 dah locked, 004108 13.8 to 30.0 s | 102.0 | 44 | 48.6 | 161.5 | 3.32 | 50.0 | 160.0 | 60.0 | 55.0 | 21.8 | stream | 22 | no | 55.0 | 21.8 | stream
 dah locked, 004108 13.8 to 30.0 s | 102.5 | 44 | 48.2 | 160.9 | 3.34 | 50.0 | 160.0 | 60.0 | 55.0 | 21.8 | stream | 22 | no | 55.0 | 21.8 | stream
 dah locked, 004108 13.8 to 30.0 s | 103.0 | 44 | 48.4 | 160.7 | 3.32 | 50.0 | 160.0 | 60.0 | 55.0 | 21.8 | stream | 22 | no | 55.0 | 21.8 | stream
 dah locked, 004108 13.8 to 30.0 s | 103.5 | 44 | 48.3 | 160.2 | 3.32 | 50.0 | 160.0 | 60.0 | 55.0 | 21.8 | stream | 22 | no | 55.0 | 21.8 | stream
 dah locked, 004108 13.8 to 30.0 s | 104.0 | 45 | 47.3 | 160.0 | 3.38 | 50.0 | 160.0 | 60.0 | 55.0 | 21.8 | stream | 22 | no | 55.0 | 21.8 | stream
 dah locked, 004108 13.8 to 30.0 s | 104.5 | 43 | 46.2 | 157.1 | 3.40 | 50.0 | 160.0 | 60.0 | 55.0 | 21.8 | stream | 22 | no | 55.0 | 21.8 | stream
 dah locked, 004108 13.8 to 30.0 s | 105.0 | 43 | 47.1 | 157.7 | 3.35 | 50.0 | 160.0 | 60.0 | 55.0 | 21.8 | stream | 22 | no | 55.0 | 21.8 | stream
 dah locked, 004108 13.8 to 30.0 s | 105.5 | 45 | 46.3 | 158.2 | 3.42 | 50.0 | 160.0 | 60.0 | 55.0 | 21.8 | stream | 22 | no | 55.0 | 21.8 | stream
 dah locked, 004108 13.8 to 30.0 s | 106.0 | 41 | 46.2 | 157.7 | 3.41 | 50.0 | 160.0 | 60.0 | 55.0 | 21.8 | stream | 22 | no | 55.0 | 21.8 | stream
 dah locked, 004108 13.8 to 30.0 s summary | reads 33 | entry to the grid 0 | fires 0 | fires with the rule's speed inside the grid 0 | grid reads the rule hands to the stream 0 | stream reads the rule hands to the grid 0


[xUnit.net 00:00:14.38]   Finished:    Hamlet.RadioEngine.Tests
  Passed Hamlet.RadioEngine.Tests.Cw.WhatTheOpeningHeardTests.WhereTheDitMeetsTheDah(run: "cw-2026-09-24-003919") [1 s]
  Standard Output Messages:
 dah check | run cw-2026-09-24-003919; 55 reads; the rule fires above 4.5 and divides the long median by 3; grid 8 to 40 wpm
 
 DAH COLD | cw-2026-09-24-003919 0.0 to 1000.0 s | 55 reads
 dah cold | s | marks | short centroid ms | long centroid ms | ratio | short median ms | long median ms | short gap ms | entry unit ms | entry wpm | entry from | held wpm | fires | rule unit ms | rule wpm | rule from
 dah cold | 3.0 | 28 | 24.0 | 108.7 | 4.54 | 20.0 | 105.0 | 10.0 | 15.0 | 80.0 | grid | 38 | yes | 35.0 | 34.3 | stream
 dah cold | 3.5 | 31 | 25.1 | 114.2 | 4.56 | 20.0 | 110.0 | 10.0 | 15.0 | 80.0 | grid | 30 | yes | 36.7 | 32.7 | stream
 dah cold | 4.0 | 34 | 25.0 | 115.2 | 4.61 | 20.0 | 115.0 | 10.0 | 15.0 | 80.0 | grid | 36 | yes | 38.3 | 31.3 | stream
 dah cold | 4.5 | 39 | 24.5 | 113.4 | 4.64 | 20.0 | 120.0 | 10.0 | 15.0 | 80.0 | grid | 38 | yes | 40.0 | 30.0 | stream
 dah cold | 5.0 | 45 | 22.3 | 87.5 | 3.93 | 20.0 | 85.0 | 15.0 | 17.5 | 68.6 | grid | 14 | no | 17.5 | 68.6 | grid
 dah cold | 5.5 | 35 | 24.4 | 99.6 | 4.08 | 25.0 | 90.0 | 20.0 | 22.5 | 53.3 | grid | 14 | no | 22.5 | 53.3 | grid
 dah cold | 6.0 | 32 | 25.5 | 88.5 | 3.46 | 30.0 | 85.0 | 25.0 | 27.5 | 43.6 | grid | 14 | no | 27.5 | 43.6 | grid
 dah cold | 6.5 | 27 | 29.2 | 104.2 | 3.57 | 30.0 | 95.0 | 30.0 | 30.0 | 40.0 | stream | 40 | no | 30.0 | 40.0 | stream
 dah cold | 7.0 | 13 | 38.8 | 123.4 | 3.18 | 55.0 | 155.0 | 165.0 | 110.0 | 10.9 | stream | 11 | no | 110.0 | 10.9 | stream
 dah cold | 7.5 | 14 | 54.8 | 131.0 | 2.39 | 55.0 | 150.0 | 50.0 | 52.5 | 22.9 | stream | 23 | no | 52.5 | 22.9 | stream
 dah cold | 8.0 | 17 | 54.2 | 131.0 | 2.42 | 55.0 | 150.0 | 50.0 | 52.5 | 22.9 | stream | 23 | no | 52.5 | 22.9 | stream
 dah cold | 8.5 | 20 | 52.3 | 134.6 | 2.57 | 50.0 | 150.0 | 50.0 | 50.0 | 24.0 | stream | 24 | no | 50.0 | 24.0 | stream
 dah cold | 9.0 | 20 | 52.3 | 134.6 | 2.57 | 50.0 | 150.0 | 50.0 | 50.0 | 24.0 | stream | 24 | no | 50.0 | 24.0 | stream
 dah cold | 9.5 | 20 | 53.3 | 134.6 | 2.52 | 55.0 | 150.0 | 50.0 | 52.5 | 22.9 | stream | 23 | no | 52.5 | 22.9 | stream
 dah cold | 10.0 | 19 | 53.7 | 140.8 | 2.62 | 50.0 | 150.0 | 50.0 | 50.0 | 24.0 | stream | 24 | no | 50.0 | 24.0 | stream
 dah cold | 10.5 | 19 | 55.8 | 142.2 | 2.55 | 55.0 | 155.0 | 45.0 | 50.0 | 24.0 | stream | 24 | no | 50.0 | 24.0 | stream
 dah cold | 11.0 | 19 | 55.8 | 142.6 | 2.55 | 55.0 | 155.0 | 45.0 | 50.0 | 24.0 | stream | 24 | no | 50.0 | 24.0 | stream
 dah cold | 11.5 | 19 | 55.8 | 142.6 | 2.55 | 55.0 | 155.0 | 45.0 | 50.0 | 24.0 | stream | 24 | no | 50.0 | 24.0 | stream
 dah cold | 12.0 | 19 | 55.8 | 143.1 | 2.56 | 55.0 | 155.0 | 45.0 | 50.0 | 24.0 | stream | 24 | no | 50.0 | 24.0 | stream
 dah cold | 12.5 | 19 | 55.8 | 143.1 | 2.56 | 55.0 | 155.0 | 45.0 | 50.0 | 24.0 | stream | 24 | no | 50.0 | 24.0 | stream
 dah cold | 13.0 | 19 | 55.8 | 143.1 | 2.56 | 55.0 | 155.0 | 45.0 | 50.0 | 24.0 | stream | 24 | no | 50.0 | 24.0 | stream
 dah cold | 13.5 | 21 | 50.7 | 143.5 | 2.83 | 55.0 | 155.0 | 45.0 | 50.0 | 24.0 | stream | 24 | no | 50.0 | 24.0 | stream
 dah cold | 14.0 | 20 | 59.7 | 151.2 | 2.53 | 55.0 | 155.0 | 115.0 | 85.0 | 14.1 | stream | 14 | no | 85.0 | 14.1 | stream
 dah cold | 14.5 | 21 | 59.3 | 151.2 | 2.55 | 55.0 | 155.0 | 115.0 | 85.0 | 14.1 | stream | 14 | no | 85.0 | 14.1 | stream
 dah cold | 15.0 | 22 | 58.0 | 150.6 | 2.60 | 55.0 | 155.0 | 45.0 | 50.0 | 24.0 | stream | 24 | no | 50.0 | 24.0 | stream
 dah cold | 15.5 | 25 | 51.8 | 137.0 | 2.65 | 50.0 | 150.0 | 50.0 | 50.0 | 24.0 | stream | 24 | no | 50.0 | 24.0 | stream
 dah cold | 16.0 | 28 | 50.9 | 139.5 | 2.74 | 50.0 | 150.0 | 50.0 | 50.0 | 24.0 | stream | 24 | no | 50.0 | 24.0 | stream
 dah cold | 16.5 | 30 | 52.7 | 140.8 | 2.67 | 50.0 | 150.0 | 50.0 | 50.0 | 24.0 | stream | 24 | no | 50.0 | 24.0 | stream
 dah cold | 17.0 | 30 | 51.9 | 144.0 | 2.78 | 50.0 | 150.0 | 50.0 | 50.0 | 24.0 | stream | 24 | no | 50.0 | 24.0 | stream
 dah cold | 17.5 | 31 | 52.4 | 144.0 | 2.75 | 50.0 | 150.0 | 50.0 | 50.0 | 24.0 | stream | 24 | no | 50.0 | 24.0 | stream
 dah cold | 18.0 | 30 | 50.6 | 143.5 | 2.84 | 50.0 | 150.0 | 50.0 | 50.0 | 24.0 | stream | 24 | no | 50.0 | 24.0 | stream
 dah cold | 18.5 | 27 | 53.1 | 146.2 | 2.75 | 50.0 | 150.0 | 50.0 | 50.0 | 24.0 | stream | 24 | no | 50.0 | 24.0 | stream
 dah cold | 19.0 | 24 | 51.4 | 144.0 | 2.80 | 50.0 | 150.0 | 50.0 | 50.0 | 24.0 | stream | 24 | no | 50.0 | 24.0 | stream
 dah cold | 19.5 | 23 | 54.0 | 147.1 | 2.72 | 55.0 | 155.0 | 45.0 | 50.0 | 24.0 | stream | 24 | no | 50.0 | 24.0 | stream
 dah cold | 20.0 | 20 | 56.9 | 147.9 | 2.60 | 55.0 | 155.0 | 50.0 | 52.5 | 22.9 | stream | 23 | no | 52.5 | 22.9 | stream
 dah cold | 20.5 | 37 | 40.1 | 114.1 | 2.84 | 55.0 | 105.0 | 45.0 | 50.0 | 24.0 | stream | 24 | no | 50.0 | 24.0 | stream
 dah cold | 21.0 | 36 | 40.1 | 116.4 | 2.90 | 55.0 | 155.0 | 45.0 | 50.0 | 24.0 | stream | 24 | no | 50.0 | 24.0 | stream
 dah cold | 21.5 | 37 | 38.6 | 121.9 | 3.16 | 55.0 | 155.0 | 60.0 | 57.5 | 20.9 | stream | 21 | no | 57.5 | 20.9 | stream
 dah cold | 22.0 | 34 | 39.6 | 117.1 | 2.95 | 55.0 | 155.0 | 60.0 | 57.5 | 20.9 | stream | 21 | no | 57.5 | 20.9 | stream
 dah cold | 22.5 | 34 | 33.9 | 104.0 | 3.06 | 50.0 | 105.0 | 60.0 | 55.0 | 21.8 | stream | 22 | no | 55.0 | 21.8 | stream
 dah cold | 23.0 | 33 | 33.5 | 104.0 | 3.11 | 45.0 | 105.0 | 60.0 | 52.5 | 22.9 | stream | 23 | no | 52.5 | 22.9 | stream
 dah cold | 23.5 | 34 | 33.3 | 107.8 | 3.24 | 40.0 | 105.0 | 75.0 | 57.5 | 20.9 | stream | 21 | no | 57.5 | 20.9 | stream
 dah cold | 24.0 | 26 | 38.5 | 138.0 | 3.59 | 50.0 | 155.0 | 65.0 | 57.5 | 20.9 | stream | 21 | no | 57.5 | 20.9 | stream
 dah cold | 24.5 | 22 | 53.6 | 142.4 | 2.66 | 55.0 | 155.0 | 50.0 | 52.5 | 22.9 | stream | 23 | no | 52.5 | 22.9 | stream
 dah cold | 25.0 | 22 | 48.2 | 134.3 | 2.79 | 50.0 | 150.0 | 50.0 | 50.0 | 24.0 | stream | 24 | no | 50.0 | 24.0 | stream
 dah cold | 25.5 | 25 | 47.5 | 136.5 | 2.87 | 50.0 | 150.0 | 50.0 | 50.0 | 24.0 | stream | 24 | no | 50.0 | 24.0 | stream
 dah cold | 26.0 | 29 | 43.6 | 132.2 | 3.03 | 50.0 | 150.0 | 50.0 | 50.0 | 24.0 | stream | 24 | no | 50.0 | 24.0 | stream
 dah cold | 26.5 | 30 | 43.3 | 133.4 | 3.08 | 50.0 | 150.0 | 50.0 | 50.0 | 24.0 | stream | 24 | no | 50.0 | 24.0 | stream
 dah cold | 27.0 | 29 | 42.9 | 133.4 | 3.11 | 50.0 | 150.0 | 50.0 | 50.0 | 24.0 | stream | 24 | no | 50.0 | 24.0 | stream
 dah cold | 27.5 | 27 | 42.7 | 129.0 | 3.02 | 50.0 | 150.0 | 50.0 | 50.0 | 24.0 | stream | 24 | no | 50.0 | 24.0 | stream
 dah cold | 28.0 | 24 | 42.5 | 125.9 | 2.96 | 50.0 | 150.0 | 50.0 | 50.0 | 24.0 | stream | 24 | no | 50.0 | 24.0 | stream
 dah cold | 28.5 | 21 | 41.9 | 130.5 | 3.11 | 50.0 | 150.0 | 50.0 | 50.0 | 24.0 | stream | 24 | no | 50.0 | 24.0 | stream
 dah cold | 29.0 | 29 | 35.1 | 138.0 | 3.94 | 40.0 | 155.0 | 45.0 | 42.5 | 28.2 | stream | 28 | no | 42.5 | 28.2 | stream
 dah cold | 29.5 | 31 | 33.3 | 136.8 | 4.11 | 30.0 | 155.0 | 60.0 | 45.0 | 26.7 | stream | 27 | no | 45.0 | 26.7 | stream
 dah cold | 30.0 | 30 | 33.3 | 147.5 | 4.43 | 35.0 | 155.0 | 50.0 | 42.5 | 28.2 | stream | 28 | no | 42.5 | 28.2 | stream
 dah cold summary | reads 55 | entry to the grid 7 | fires 4 | fires with the rule's speed inside the grid 4 | grid reads the rule hands to the stream 4 | stream reads the rule hands to the grid 0
 dah cold held | 3.0 | marks 10 15 15 15 20 20 20 20 20 25 35 35 40 40 45 50 60 70 70 70 90 105 105 115 170 180 195 195 | gaps 10 10 10 10 10 10 10 15 15 15 15 20 20 30 35 35 35 40 45 45 45 45 55 75 80 80 80 90 95
 dah cold held | 3.5 | marks 10 15 15 15 20 20 20 20 20 25 35 40 40 40 45 45 50 55 70 70 70 80 85 95 110 115 135 180 195 205 430 | gaps 10 10 10 10 10 10 10 10 10 15 15 20 20 25 25 30 35 35 40 40 40 45 50 55 60 70 75 80 80 80 95
 dah cold held | 4.0 | marks 10 15 15 15 15 20 20 20 20 20 25 35 35 40 40 45 45 45 50 60 70 70 70 85 95 100 115 120 125 170 180 195 200 245 | gaps 10 10 10 10 10 10 10 10 15 15 15 15 20 20 30 35 35 40 40 45 45 45 50 50 50 55 60 75 75 80 80 80 90 95 100
 dah cold held | 4.5 | marks 10 15 15 15 15 15 20 20 20 20 20 25 30 35 35 40 40 40 45 45 50 55 60 70 70 70 85 90 100 115 120 125 130 170 175 180 195 195 245 | gaps 10 10 10 10 10 10 10 10 15 15 15 15 15 20 20 30 35 35 35 40 45 45 45 45 50 50 50 55 55 60 75 75 80 80 80 85 90 95 100
 dah cold held | 5.0 | marks 10 15 15 15 15 15 15 20 20 20 20 20 25 25 25 25 30 30 35 35 40 40 40 45 45 50 55 60 60 60 65 70 70 75 85 90 105 110 115 120 130 170 180 195 195 | gaps 10 10 10 10 10 10 10 15 15 15 15 15 20 20 25 30 30 35 35 35 40 45 45 45 45 50 50 50 55 55 60 70 75 75 75 75 80 80 90 95 95 100 115 120 120
 dah cold held | 5.5 | marks 10 15 15 20 20 20 20 20 25 25 25 30 35 40 40 45 45 55 60 60 60 65 75 80 85 85 90 105 115 130 155 175 190 195 195 | gaps 15 15 15 15 15 15 20 20 30 30 35 40 45 45 45 65 65 70 75 80 85 90 105 105 110 120 125 125 130 130 145 160 175 175 185 275
 dah cold held | 6.0 | marks 15 15 15 20 20 20 20 25 30 30 35 35 35 35 40 45 55 55 60 60 70 75 80 80 85 95 105 105 110 125 175 180 | gaps 10 15 20 20 25 25 35 40 45 50 50 65 70 75 75 85 90 100 100 105 115 125 125 130 155 160 185 190 200 225 230 235 745



Test Run Successful.
Total tests: 2
     Passed: 2
 Total time: 14.6840 Seconds
RC=0 WALL=15s
